motor = 98.7g
wheel = 26.9g
body = 751.3g
wheel radius = 40mm
Z COM = 60mm
Ixx = 5136 kg/mm2
Iyy = 3045 kg/mm2
Izz 3875 kg/mm2

R_y = 10
R = 6.2

---motor coefficients---
--not yellow motor--
wn = 45.91 rad/s
K = 0.2494
R = 5.6
b = 0.0005303
c = 0.02370
tau_s = 0.5345

--yellow motor--
wn = 47.35rad/s
K = 0.2386
R = 5.9
b = 0.0005994
c = 0.02195
tau_s = 0.4854
